file MJD airmass seeing rot
IC5332_P01 58283.33435669 1.2355 0.395 0.41
IC5332_P02 58310.25533486 1.2605 0.62 0.58
IC5332_P03 58310.34411175 1.0314999999999999 0.71 0.7
IC5332_P04 58310.38826684 1.025 0.815 0.79
IC5332_P05 58311.30580158 1.0825 0.825 0.67
NGC1087_P01 58070.20636487 1.1404999999999998 0.905 0.94
NGC1087_P02 58108.08773468 1.1155 1.085 1.23
NGC1087_P03 58108.13204022 1.226 0.615 0.61
NGC1087_P04 58130.06481803 1.2 0.47 0.47
NGC1087_P05 58128.07224859 1.2065000000000001 1.01 1.09
NGC1087_P06 58129.04403099 1.138 0.495 0.55
NGC1365_P01 58128.11810507 1.131 0.6950000000000001 0.63
NGC1365_P02 58408.30563112 1.0415 1.0150000000000001 0.95
NGC1365_P03 58138.05354925 1.0514999999999999 0.69 0.7
NGC1365_P04 58138.1012576 1.164 1.025 0.88
NGC1365_P05 58407.22720206 1.051 0.9550000000000001 0.93
NGC1365_P06 58427.23767981 1.0270000000000001 0.695 0.7
NGC1365_P07 58428.23167598 1.025 0.54 0.48
NGC1365_P08 58429.18864254 1.029 0.915 0.97
