pointing slope slope_err intercept intercept_err
IC5332_P01 -2.988010418747411e-05 4.805464035995501e-06 0.916875246027653 0.03735581535048327
NGC1365_P07 -2.826620345106516e-05 8.822243703020159e-07 0.788606336467686 0.006429584388797486
NGC1365_P07 -2.7309167235993688e-05 1.850139890012241e-06 0.8357509698176224 0.012597131418747057
NGC1672_P01 -1.9611075670056266e-05 1.8968163459959054e-06 0.8051651382471874 0.012911065639326971
NGC1672_P02 -4.566141572681648e-05 2.5061489221911057e-06 1.1509586387337756 0.01817593660464853
NGC1672_P02 -4.446992079090606e-05 8.280351045779612e-07 1.1292963781717904 0.005684603194463681
NGC1672_P02 -4.0464027653897006e-05 1.8759857407290407e-06 1.1375834149475883 0.01428537463046557
NGC1672_P02 -4.242742897975216e-05 2.3598636455526913e-06 1.131496818774005 0.0180213871579275
NGC1672_P02 -4.650189847765773e-05 2.249614756479363e-06 1.1590725875759966 0.01607445120843994
NGC1672_P04 -2.726893193105706e-05 4.329925625602632e-06 0.8968152301890645 0.030630886880020254
NGC1672_P06 -3.9742508325594155e-05 1.315234610689531e-06 1.044055379353382 0.009311541475824213
NGC1672_P06 -4.1531475484135605e-05 1.6218244184966456e-06 1.114670007043925 0.012775187267449367
NGC1672_P07 -3.1583689349190536e-05 3.7448988312042286e-06 0.9808464104127854 0.030492876698411157
IC5332_P01 -5.8894452025069504e-05 4.060088945943756e-06 1.1126805396767305 0.024591926222578525
IC5332_P02 -6.472018777570199e-05 6.892875310268222e-06 1.3573626538552015 0.05524118014506713
IC5332_P03 -3.391031846387979e-05 1.1987015886391288e-06 0.8796251735717318 0.00857753445431457
IC5332_P03 -2.4069524685465485e-05 9.554218935313428e-07 0.8417430458473063 0.006657832708500507
IC5332_P04 -2.6724268742728263e-05 2.5645117911066345e-06 0.9609674045923976 0.019282428741298006
NGC1087_P01 -3.867743466032772e-05 2.849037266846339e-06 1.1818250672819874 0.023133914089667477
NGC1087_P05 -5.18415010365425e-05 2.2812395459160827e-06 1.4408123031134772 0.01749276675837668
NGC1087_P06 -3.9044449745448986e-05 3.3039403074675944e-06 1.011860620012467 0.02429232554614186
NGC1365_P02 -3.838935624498016e-05 1.7375634262051393e-06 1.0621069146332391 0.012395749168255718
NGC1365_P03 -4.976014840174514e-05 2.951713910835526e-06 1.1474754260578184 0.02099511696294277
NGC1365_P04 -5.002318994840049e-05 2.170478786959939e-06 1.262047842082323 0.015824949670334206
NGC1365_P05 -4.7614385528915726e-05 2.2215238107737286e-06 1.2202820785637811 0.017524690150586775
NGC1365_P06 -3.154938235172544e-05 1.242952711913474e-06 0.9626319165874145 0.009528899251864252
