chi2 wavelength x0 err_x0 y0 err_y0 I0 err_I0 fwhm_x err_fwhm_x fwhm_y err_fwhm_y rot err_rot
1.3945658218048127 4754.89794921875 41.59323516077935 4.075901844997569e-06 -0.5029876681225327 3.61857105989073e-06 86.01365681391636 -2.575556500980927 0.8992636686048093 0.028576996902744872 1.0679265627694383 0.034640903052738335 66.31045933889487 4.2142870909222045
0.2699094295916304 4859.89794921875 41.59323085408353 1.767631925800869e-06 -0.5029916117441907 1.5989603337820406e-06 87.00226146005485 -1.1307983839845597 0.8908428497555736 0.012532324310117113 1.0301909782470926 0.014520745967128611 60.86260435613275 1.5246372901702427
0.25266075458454484 5059.89794921875 41.59323356771226 1.4795300046435388e-06 -0.5029896650885838 1.398438450599184e-06 90.05707796394877 -0.998705523533544 0.9036197266505462 0.011016773589267278 1.033604118228263 0.012405249402322205 54.05763122540452 1.3402608658954025
0.20812264815185672 5259.89794921875 41.59323402429025 9.838648441434873e-07 -0.5029907615551887 9.750621904432132e-07 118.20378654517553 -0.8845326176740245 0.9091100877038419 0.0076513812940978004 1.0382368888333602 0.00830153060334846 51.37055271240888 1.0099342157254034
0.21583783472900592 5459.89794921875 41.59323464994795 8.695947946435327e-07 -0.502991943438424 8.66587744568222e-07 150.08756041422913 -0.9833081373399 0.9153256176989011 0.006676254787505712 1.040149888063809 0.007305104061561249 49.46932258262774 0.8887125632265335
0.21659842326127896 5659.89794921875 41.593234832192216 8.110092347652355e-07 -0.5029921921354923 8.060184075155324e-07 167.34821694830413 -1.0510597119358285 0.8933313774467114 0.006077059667548991 1.0394173744746487 0.007071553785265382 45.979749436426026 0.7393131197742032
0.20320163348459086 5859.89794921875 41.59323257651175 9.120551949706619e-07 -0.5029925754235217 9.077737890004822e-07 160.97480198678815 -1.1540782072124485 0.8779218205260747 0.0067147420559347006 1.0271205967720112 0.007898080901715688 46.65969596479434 0.8168912548877996
0.22560306801934685 6059.89794921875 41.59323077667615 8.739929338984482e-07 -0.5029932392481707 8.724041652972775e-07 194.66291973450345 -1.326949583623498 0.8775467417643961 0.006339316390147046 1.0279253380316413 0.007505540851684474 50.53569369277079 0.7712183249840651
0.18928411216228075 6259.89794921875 41.593231350583885 8.580968944328671e-07 -0.5029925834732324 8.141914069186038e-07 165.24218703798985 -1.1189904171608762 0.8748015055243967 0.006233400541852604 1.0135966341654294 0.007341712856159879 53.97561924717667 0.893166256891977
0.28735252768383396 6459.89794921875 41.59323228301125 7.949977664302535e-07 -0.5029922452258633 7.234626987626466e-07 265.0510237498535 -1.5320578233411537 0.8866796715958845 0.005501976258424829 1.011641825214794 0.006423360754890479 55.147139015182745 0.7814428587054804
0.3184044237019662 6659.89794921875 41.5932334747937 8.742594702642371e-07 -0.5029905651111334 7.935297304266501e-07 253.73537488071563 -1.5524699811243532 0.8911575920632495 0.005916917437475137 1.0222001586863205 0.006996131364533746 53.18573224529243 0.8511240613751795
0.2292997455758627 6859.89794921875 41.59323362438732 7.227349781900046e-07 -0.5029907058918816 6.907103516771373e-07 228.5212869060782 -1.2710647889386566 0.8684687948787729 0.0051667295417136515 1.0122800518103654 0.006099492424682433 50.81045617569429 0.7420422079465676
0.3309206496199989 7059.89794921875 41.59323366640502 7.16675033339676e-07 -0.5029916878816267 6.876465562272999e-07 308.6272757750907 -1.657046113430761 0.8764469124302449 0.0051513193392970225 1.0128261590953673 0.005834569729880722 48.84425917345952 0.6266908965902738
0.41533663964946627 7259.89794921875 41.59323385735795 6.798616745469156e-07 -0.502992362230999 6.695943419252304e-07 371.05845094739703 -1.9997717110470155 0.8688406492921302 0.0050838291825202045 1.0023225805886098 0.005649532414177262 46.34513954472581 0.6873016989934311
0.6371173876797989 7459.89794921875 41.59323328576536 6.946107149840798e-07 -0.5029937366925173 6.982248573412245e-07 508.12111687403024 -2.720030728556561 0.866480987691358 0.005077404035666246 0.9979686730267041 0.00569768833751787 47.19118505080155 0.693160174616217
0.5843267574366715 7659.89794921875 41.593233348830914 6.681876271967441e-07 -0.5029943269036582 6.785228693445771e-07 481.3603082672442 -2.5393705128742474 0.8549661324159604 0.004918165259131163 0.9906582030636385 0.00558747488231951 45.368939740141286 0.5983262136966749
0.7019741190773348 7859.89794921875 41.59323345048533 6.642652018793346e-07 -0.5029941651837359 6.638977895249007e-07 502.91125697251505 -2.7598334073047206 0.8321255478358969 0.004913339908911409 0.9739745978466611 0.005653722288507046 45.10098810426666 0.5977391790252828
0.8301574698388309 8059.89794921875 41.59323279748673 7.012120697385327e-07 -0.5029944657473684 6.940054438193181e-07 588.6285988586195 -3.2581001243369103 0.8309889411082577 0.005015010526372924 0.9694264939296983 0.0057237077610298335 44.005942150348574 0.6101080589601344
0.8527189832785435 8259.89794921875 41.593232807028386 6.882988790390248e-07 -0.5029947766245472 6.892014158184875e-07 615.8500075298278 -3.3581475428142267 0.8193489280746451 0.0048706774075556 0.9562070153751268 0.005674252187101107 42.629626311219454 0.6903090172427527
0.8741443414074457 8459.89794921875 41.59323329734391 6.440818877811288e-07 -0.5029951369462097 6.503408762079049e-07 598.9205244054888 -3.212760605662742 0.7976869391975462 0.004632816462986718 0.9383701114965568 0.005383167794321532 43.03513820812955 0.6548967418470362
0.9735650388152003 8659.89794921875 41.59323180496036 7.138968983808503e-07 -0.5029955464414686 7.265528682113091e-07 611.8209089196644 -3.5254628440554168 0.7957227857101837 0.0050838921745056075 0.937808576370389 0.0058268999481504965 43.24018872141866 0.6184879513689747
1.1207805123124532 8859.89794921875 41.59323135534929 6.120632440959391e-07 -0.5029949964907453 6.296812947763764e-07 650.3278588769799 -3.611426771465262 0.7695631315292133 0.004537555775816047 0.9333333412229571 0.005403186008977712 42.4824912764625 0.6573320855065363
0.9436620373828247 9059.89794921875 41.59322907044223 6.750503356849202e-07 -0.502996376321623 6.808166999410335e-07 628.2005704271334 -3.4506334357162523 0.7865588767169382 0.004725225138851196 0.932886308327366 0.005549401771367308 43.57948872424353 0.6751201668100091
1.084866814399737 9259.89794921875 41.59322852211572 6.19743038700231e-07 -0.5029972189129391 6.17488207656169e-07 674.6283232967081 -3.6996318977486946 0.7707788374022162 0.004459862761905465 0.9201343636369496 0.005320096406286296 44.83663320693779 0.6472237046863485
