pointing    fwhm    fwhm_err    n   n_err
IC5332_P03  0.667   0.025       3.297   0.894
NGC1365_P02 0.948   0.010       1.753   0.500
NGC1365_P04 1.362   0.114       1.371   1.341
NGC1365_P06 0.835   0.089       2.207   0.851
NGC1365_P07 0.717   0.065       3.202   0.741
NGC1672_P02 0.886   0.031       2.862   0.553
NGC1672_P06 0.790   0.017       3.517   0.558
NGC2835_P02 0.999   0.041       3.193   0.818
NGC2835_P04 0.609   0.392       2.917   0.392
NGC3627_P07 0.915   0.009       1.396   1.058
